2 102643
2 149567
2 5
2 5
2 6
2 6
2 7
2 7
2 7
2 7
3 13
3 19
3 26485
3 26695
3 48975
3 49984
3 53172
3 54379
4 105
4 150
4 15711
4 16173
4 16535
4 16543
4 18
4 18812
4 1900
4 37
4 44
4 47
4 57
4 919
5 119
5 184
5 2208
5 235
5 298
5 35718
5 360
5 46965
5 5771
5 58508
5 75
5 76
5 76602
5 78131
5 81640
5 81885
5 89883
5 95
6 112684
6 11668
6 129170
6 323171
6 338977
6 349
6 42885
6 485744
6 501
6 616
6 63818
6 6491
6 68809
6 69924
6 7149
6 832
6 967
7 120009
7 12525
7 134661
7 147758
7 151884
7 15668
7 15880
7 166461
7 1738
7 1781
7 201329
7 2196
7 233268
7 278223
7 29828
7 31322
7 321107
7 44524
7 678
7 86262
7 977
8 10435
8 108266
8 1162
8 154132
8 184332
8 188578
8 194450
8 239010
8 3064
8 31878
8 3290
8 332290
8 338475
8 34899
8 35071
8 367987
8 3768
8 386342
8 399894
8 478117
8 542322
8 553590
8 630817
8 810440
8 98913
9 112739
9 115991
9 117372
9 1236904
9 1272644
9 1297678
9 230244
9 32350
9 378126
9 421082
9 474141
9 495138
9 506491
9 52988
9 5355
9 53986
9 595639
9 6615
9 8057
9 82196
10 1004756
10 102835
10 107552
10 1244460
10 146596
10 148303
10 14916
10 197957
10 23862
10 245832
10 408844
10 429494
10 478100
10 54342
10 6416
10 6924
10 74374
10 816637
10 8921
11 10880
11 11121
11 11876
11 1296519
11 132881
11 135779
11 1393034
11 14431
11 15255
11 1694946
11 240641
11 241308
11 2460376
11 247784
11 353231
11 361155
11 388675
11 396124
11 506747
11 63764
11 662468
11 680942
11 762745
11 768188
11 820387
11 865563
11 904305
11 93849
12 1288459
12 1324334
12 1371205
12 14220
12 148949
12 1564302
12 169096
12 2069873
12 2410904
12 349993
12 3789884
12 423864
12 428993
12 442091
12 48103
12 508668
12 520673
12 537424
12 539987
12 612591
12 619248
12 725151
12 73321
13 1003459
13 1093056
13 1196169
13 1231548
13 143758
13 1462390
13 1610501
13 1736628
13 19437
13 1990016
13 2084400
13 2125210
13 307453
13 3373662
13 340671
13 4170680
13 4348564
13 44055
13 53635
13 538240
13 54324
13 604041
13 70713
13 77812
13 83758
13 91178
13 937727
14 104576
14 1121950
14 131653
14 1335372
14 1361891
14 1413680
14 1516706
14 1583824
14 1757041
14 1782034
14 1798543
14 1806395
14 1950128
14 2113029
14 25381
14 257589
14 266130
14 3065346
14 373682
14 530034
14 535372
14 598113
14 725425
14 859752
14 887321
14 894945
14 956346
15 1040069
15 1141817
15 1191492
15 1585200
15 1585418
15 19512335
15 2027251
15 2161325
15 247840
15 2644836
15 3499219
15 3891369
15 452567
15 886854
15 980983
16 104573
16 114549
16 1319980
16 1704126
16 1761795
16 2091939
16 250069
16 3584111
16 3598212
16 404414
16 6790942
16 82910
16 86273
16 90041
16 94200
17 1019530
17 1186294
17 1906165
17 2029877
17 2037224
17 2368444
17 4744567
17 819779
17 84249
18 1232995
18 164950
18 1922024
18 1986633
18 2120275
18 2831552
18 411598
18 528845
18 612412
18 860637
18 899858
19 1636134
19 1861185
19 2036237
19 4115124
19 736508
20 1118385
20 1621468
20 1709643
20 622877
21 2905348
22 2187678
