4 16535
5 46965
6 112684
11 361155
12 349993
12 508668
13 1231548
15 980983
16 1704126
17 1019530
18 1986633
17 1906165
18 899858
20 1709643
19 1636134
21 2905348
22 2187678
20 1621468
19 2036237
14 725425
14 266130
13 91178
14 25381
12 14220
11 11876
9 5355
7 2196
5 298
4 37
2 6
4 18812
5 76602
7 166461
8 184332
7 151884
12 520673
15 1040069
11 396124
12 1288459
12 1564302
16 1761795
14 2113029
11 388675
13 1462390
13 1196169
15 247840
11 506747
10 429494
7 201329
10 74374
6 68809
5 35718
7 29828
7 31322
7 15668
5 5771
5 2208
5 360
4 47
2 7
4 16543
5 58508
7 134661
8 386342
9 421082
11 768188
10 1244460
14 1516706
17 2368444
16 2091939
14 1583824
13 1610501
17 2029877
14 3065346
16 1319980
11 1296519
10 146596
10 197957
8 98913
8 34899
9 52988
8 35071
8 31878
9 32350
7 12525
6 7149
4 919
5 184
3 19
2 7
4 15711
5 78131
6 63818
6 129170
8 338475
8 194450
12 612591
12 442091
15 886854
11 247784
13 937727
17 1186294
15 2027251
13 307453
11 353231
11 662468
12 539987
13 340671
10 245832
9 112739
11 93849
10 107552
9 53986
8 154132
6 6491
6 967
6 832
4 105
2 7
4 16173
5 89883
7 120009
8 188578
8 542322
9 1236904
9 595639
12 619248
14 1950128
13 4170680
12 3789884
13 4348564
18 2120275
17 4744567
16 6790942
17 2037224
15 3499219
14 956346
15 1191492
14 1361891
11 904305
11 865563
9 378126
7 233268
7 44524
7 15880
4 1900
4 150
4 57
2 5
3 26485
2 102643
6 323171
8 553590
11 680942
12 725151
13 1736628
15 1585418
15 19512335
15 2161325
15 3891369
16 3598212
16 3584111
14 1798543
12 1324334
12 2069873
9 1297678
8 399894
8 332290
10 816637
12 537424
13 143758
14 257589
11 10880
10 8921
8 3064
7 678
5 119
2 6
3 26695
6 69924
7 86262
10 148303
8 108266
9 230244
8 239010
12 148949
14 373682
16 404414
12 428993
11 132881
16 114549
16 250069
16 90041
17 84249
13 44055
13 19437
10 6416
11 14431
10 6924
8 3290
9 6615
7 1781
6 616
5 95
4 18
2 7
3 54379
6 42885
7 147758
10 478100
11 241308
15 1585200
18 1922024
14 1335372
9 506491
14 859752
20 622877
20 1118385
19 1861185
18 612412
18 1232995
18 528845
17 819779
18 860637
13 1003459
14 530034
10 102835
12 169096
11 135779
9 115991
10 23862
8 1162
6 501
5 75
3 13
3 49984
2 149567
6 338977
9 495138
9 474141
11 1393034
12 2410904
13 1990016
12 1371205
14 887321
14 1757041
15 1141817
14 104576
13 83758
12 73321
13 77812
16 104573
16 94200
13 70713
13 53635
12 48103
10 14916
11 15255
11 11121
9 8057
7 1738
5 235
4 44
2 5
3 48975
5 81885
7 278223
10 408844
13 538240
8 810440
11 1694946
13 2084400
15 2644836
14 1121950
14 598113
14 535372
14 1413680
14 894945
15 452567
18 411598
19 736508
18 164950
16 82910
16 86273
14 131653
13 54324
11 63764
9 117372
8 10435
7 977
6 349
3 53172
5 81640
7 321107
6 485744
9 1272644
13 2125210
14 1806395
11 820387
11 2460376
14 1782034
19 4115124
18 2831552
13 3373662
11 762745
8 630817
10 1004756
11 240641
13 604041
13 1093056
12 423864
8 367987
8 478117
9 82196
10 54342
6 11668
8 3768
5 76
