1 16535
3 46965
5 112684
7 361155
9 349993
11 508668
13 1231548
15 980983
17 1704126
19 1019530
21 1986633
23 1906165
25 899858
27 1709643
29 1636134
31 2905348
33 2187678
35 1621468
37 2036237
39 725425
41 266130
43 91178
45 25381
47 14220
49 11876
51 5355
53 2196
55 298
57 37
59 6
1 18812
3 76602
5 166461
7 184332
9 151884
11 520673
13 1040069
15 396124
17 1288459
19 1564302
21 1761795
23 2113029
25 388675
27 1462390
29 1196169
31 247840
33 506747
35 429494
37 201329
39 74374
41 68809
43 35718
45 29828
47 31322
49 15668
51 5771
53 2208
55 360
57 47
59 7
1 16543
3 58508
5 134661
7 386342
9 421082
11 768188
13 1244460
15 1516706
17 2368444
19 2091939
21 1583824
23 1610501
25 2029877
27 3065346
29 1319980
31 1296519
33 146596
35 197957
37 98913
39 34899
41 52988
43 35071
45 31878
47 32350
49 12525
51 7149
53 919
55 184
57 19
59 7
1 15711
3 78131
5 63818
7 129170
9 338475
11 194450
13 612591
15 442091
17 886854
19 247784
21 937727
23 1186294
25 2027251
27 307453
29 353231
31 662468
33 539987
35 340671
37 245832
39 112739
41 93849
43 107552
45 53986
47 154132
49 6491
51 967
53 832
55 105
57 7
1 16173
3 89883
5 120009
7 188578
9 542322
11 1236904
13 595639
15 619248
17 1950128
19 4170680
21 3789884
23 4348564
25 2120275
27 4744567
29 6790942
31 2037224
33 3499219
35 956346
37 1191492
39 1361891
41 904305
43 865563
45 378126
47 233268
49 44524
51 15880
53 1900
55 150
57 57
59 5
2 26485
4 102643
6 323171
8 553590
10 680942
12 725151
14 1736628
16 1585418
18 19512335
20 2161325
22 3891369
24 3598212
26 3584111
28 1798543
30 1324334
32 2069873
34 1297678
36 399894
38 332290
40 816637
42 537424
44 143758
46 257589
48 10880
50 8921
52 3064
54 678
56 119
59 6
2 26695
4 69924
6 86262
8 148303
10 108266
12 230244
14 239010
16 148949
18 373682
20 404414
22 428993
24 132881
26 114549
28 250069
30 90041
32 84249
34 44055
37 19437
39 6416
41 14431
44 6924
46 3290
48 6615
50 1781
52 616
54 95
56 18
58 7
2 54379
4 42885
6 147758
8 478100
10 241308
12 1585200
14 1922024
16 1335372
18 506491
20 859752
22 622877
24 1118385
26 1861185
28 612412
30 1232995
32 528845
34 819779
36 860637
38 1003459
40 530034
42 102835
44 169096
46 135779
48 115991
50 23862
52 1162
54 501
56 75
58 13
2 49984
4 149567
6 338977
8 495138
10 474141
12 1393034
14 2410904
16 1990016
18 1371205
20 887321
22 1757041
24 1141817
26 104576
28 83758
30 73321
32 77812
34 104573
36 94200
38 70713
40 53635
42 48103
45 14916
47 15255
49 11121
51 8057
53 1738
55 235
57 44
59 5
2 48975
4 81885
6 278223
8 408844
10 538240
12 810440
14 1694946
16 2084400
18 2644836
20 1121950
22 598113
24 535372
26 1413680
28 894945
30 452567
32 411598
34 736508
36 164950
38 82910
40 86273
42 131653
44 54324
46 63764
48 117372
50 10435
52 977
54 349
2 53172
4 81640
6 321107
8 485744
10 1272644
12 2125210
14 1806395
16 820387
18 2460376
20 1782034
22 4115124
24 2831552
26 3373662
28 762745
30 630817
32 1004756
34 240641
36 604041
38 1093056
40 423864
42 367987
44 478117
46 82196
48 54342
50 11668
52 3768
56 76
