1 4
3 5
5 6
7 11
9 12
11 12
13 13
15 15
17 16
19 17
21 18
23 17
25 18
27 20
29 19
31 21
33 22
35 20
37 19
39 14
41 14
43 13
45 14
47 12
49 11
51 9
53 7
55 5
57 4
59 2
1 4
3 5
5 7
7 8
9 7
11 12
13 15
15 11
17 12
19 12
21 16
23 14
25 11
27 13
29 13
31 15
33 11
35 10
37 7
39 10
41 6
43 5
45 7
47 7
49 7
51 5
53 5
55 5
57 4
59 2
1 4
3 5
5 7
7 8
9 9
11 11
13 10
15 14
17 17
19 16
21 14
23 13
25 17
27 14
29 16
31 11
33 10
35 10
37 8
39 8
41 9
43 8
45 8
47 9
49 7
51 6
53 4
55 5
57 3
59 2
1 4
3 5
5 6
7 6
9 8
11 8
13 12
15 12
17 15
19 11
21 13
23 17
25 15
27 13
29 11
31 11
33 12
35 13
37 10
39 9
41 11
43 10
45 9
47 8
49 6
51 6
53 6
55 4
57 2
1 4
3 5
5 7
7 8
9 8
11 9
13 9
15 12
17 14
19 13
21 12
23 13
25 18
27 17
29 16
31 17
33 15
35 14
37 15
39 14
41 11
43 11
45 9
47 7
49 7
51 7
53 4
55 4
57 4
59 2
2 3
4 2
6 6
8 8
10 11
12 12
14 13
16 15
18 15
20 15
22 15
24 16
26 16
28 14
30 12
32 12
34 9
36 8
38 8
40 10
42 12
44 13
46 14
48 11
50 10
52 8
54 7
56 5
59 2
2 3
4 6
6 7
8 10
10 8
12 9
14 8
16 12
18 14
20 16
22 12
24 11
26 16
28 16
30 16
32 17
34 13
37 13
39 10
41 11
44 10
46 8
48 9
50 7
52 6
54 5
56 4
58 2
2 3
4 6
6 7
8 10
10 11
12 15
14 18
16 14
18 9
20 14
22 20
24 20
26 19
28 18
30 18
32 18
34 17
36 18
38 13
40 14
42 10
44 12
46 11
48 9
50 10
52 8
54 6
56 5
58 3
2 3
4 2
6 6
8 9
10 9
12 11
14 12
16 13
18 12
20 14
22 14
24 15
26 14
28 13
30 12
32 13
34 16
36 16
38 13
40 13
42 12
45 10
47 11
49 11
51 9
53 7
55 5
57 4
59 2
2 3
4 5
6 7
8 10
10 13
12 8
14 11
16 13
18 15
20 14
22 14
24 14
26 14
28 14
30 15
32 18
34 19
36 18
38 16
40 16
42 14
44 13
46 11
48 9
50 8
52 7
54 6
2 3
4 5
6 7
8 6
10 9
12 13
14 14
16 11
18 11
20 14
22 19
24 18
26 13
28 11
30 8
32 10
34 11
36 13
38 13
40 12
42 8
44 8
46 9
48 10
50 6
52 8
56 5
