1 4 16535
3 5 46965
5 6 112684
7 11 361155
9 12 349993
11 12 508668
13 13 1231548
15 15 980983
17 16 1704126
19 17 1019530
21 18 1986633
23 17 1906165
25 18 899858
27 20 1709643
29 19 1636134
31 21 2905348
33 22 2187678
35 20 1621468
37 19 2036237
39 14 725425
41 14 266130
43 13 91178
45 14 25381
47 12 14220
49 11 11876
51 9 5355
53 7 2196
55 5 298
57 4 37
59 2 6
1 4 18812
3 5 76602
5 7 166461
7 8 184332
9 7 151884
11 12 520673
13 15 1040069
15 11 396124
17 12 1288459
19 12 1564302
21 16 1761795
23 14 2113029
25 11 388675
27 13 1462390
29 13 1196169
31 15 247840
33 11 506747
35 10 429494
37 7 201329
39 10 74374
41 6 68809
43 5 35718
45 7 29828
47 7 31322
49 7 15668
51 5 5771
53 5 2208
55 5 360
57 4 47
59 2 7
1 4 16543
3 5 58508
5 7 134661
7 8 386342
9 9 421082
11 11 768188
13 10 1244460
15 14 1516706
17 17 2368444
19 16 2091939
21 14 1583824
23 13 1610501
25 17 2029877
27 14 3065346
29 16 1319980
31 11 1296519
33 10 146596
35 10 197957
37 8 98913
39 8 34899
41 9 52988
43 8 35071
45 8 31878
47 9 32350
49 7 12525
51 6 7149
53 4 919
55 5 184
57 3 19
59 2 7
1 4 15711
3 5 78131
5 6 63818
7 6 129170
9 8 338475
11 8 194450
13 12 612591
15 12 442091
17 15 886854
19 11 247784
21 13 937727
23 17 1186294
25 15 2027251
27 13 307453
29 11 353231
31 11 662468
33 12 539987
35 13 340671
37 10 245832
39 9 112739
41 11 93849
43 10 107552
45 9 53986
47 8 154132
49 6 6491
51 6 967
53 6 832
55 4 105
57 2 7
1 4 16173
3 5 89883
5 7 120009
7 8 188578
9 8 542322
11 9 1236904
13 9 595639
15 12 619248
17 14 1950128
19 13 4170680
21 12 3789884
23 13 4348564
25 18 2120275
27 17 4744567
29 16 6790942
31 17 2037224
33 15 3499219
35 14 956346
37 15 1191492
39 14 1361891
41 11 904305
43 11 865563
45 9 378126
47 7 233268
49 7 44524
51 7 15880
53 4 1900
55 4 150
57 4 57
59 2 5
2 3 26485
4 2 102643
6 6 323171
8 8 553590
10 11 680942
12 12 725151
14 13 1736628
16 15 1585418
18 15 19512335
20 15 2161325
22 15 3891369
24 16 3598212
26 16 3584111
28 14 1798543
30 12 1324334
32 12 2069873
34 9 1297678
36 8 399894
38 8 332290
40 10 816637
42 12 537424
44 13 143758
46 14 257589
48 11 10880
50 10 8921
52 8 3064
54 7 678
56 5 119
59 2 6
2 3 26695
4 6 69924
6 7 86262
8 10 148303
10 8 108266
12 9 230244
14 8 239010
16 12 148949
18 14 373682
20 16 404414
22 12 428993
24 11 132881
26 16 114549
28 16 250069
30 16 90041
32 17 84249
34 13 44055
37 13 19437
39 10 6416
41 11 14431
44 10 6924
46 8 3290
48 9 6615
50 7 1781
52 6 616
54 5 95
56 4 18
58 2 7
2 3 54379
4 6 42885
6 7 147758
8 10 478100
10 11 241308
12 15 1585200
14 18 1922024
16 14 1335372
18 9 506491
20 14 859752
22 20 622877
24 20 1118385
26 19 1861185
28 18 612412
30 18 1232995
32 18 528845
34 17 819779
36 18 860637
38 13 1003459
40 14 530034
42 10 102835
44 12 169096
46 11 135779
48 9 115991
50 10 23862
52 8 1162
54 6 501
56 5 75
58 3 13
2 3 49984
4 2 149567
6 6 338977
8 9 495138
10 9 474141
12 11 1393034
14 12 2410904
16 13 1990016
18 12 1371205
20 14 887321
22 14 1757041
24 15 1141817
26 14 104576
28 13 83758
30 12 73321
32 13 77812
34 16 104573
36 16 94200
38 13 70713
40 13 53635
42 12 48103
45 10 14916
47 11 15255
49 11 11121
51 9 8057
53 7 1738
55 5 235
57 4 44
59 2 5
2 3 48975
4 5 81885
6 7 278223
8 10 408844
10 13 538240
12 8 810440
14 11 1694946
16 13 2084400
18 15 2644836
20 14 1121950
22 14 598113
24 14 535372
26 14 1413680
28 14 894945
30 15 452567
32 18 411598
34 19 736508
36 18 164950
38 16 82910
40 16 86273
42 14 131653
44 13 54324
46 11 63764
48 9 117372
50 8 10435
52 7 977
54 6 349
2 3 53172
4 5 81640
6 7 321107
8 6 485744
10 9 1272644
12 13 2125210
14 14 1806395
16 11 820387
18 11 2460376
20 14 1782034
22 19 4115124
24 18 2831552
26 13 3373662
28 11 762745
30 8 630817
32 10 1004756
34 11 240641
36 13 604041
38 13 1093056
40 12 423864
42 8 367987
44 8 478117
46 9 82196
48 10 54342
50 6 11668
52 8 3768
56 5 76
